{"metadata":{"kernelspec":{"display_name":"SDCNN","language":"python","name":"python3"},"language_info":{"codemirror_mode":{"name":"ipython","version":3},"file_extension":".py","mimetype":"text/x-python","name":"python","nbconvert_exporter":"python","pygments_lexer":"ipython3","version":"3.8.20"},"anaconda-cloud":{},"kaggle":{"accelerator":"none","dataSources":[],"isInternetEnabled":true,"language":"python","sourceType":"notebook","isGpuEnabled":false}},"nbformat_minor":4,"nbformat":4,"cells":[{"cell_type":"markdown","source":"# (1) import libraries","metadata":{}},{"cell_type":"code","source":"from sklearn import datasets\nfrom sklearn.naive_bayes import GaussianNB\n\nimport numpy as np\nimport time","metadata":{},"outputs":[],"execution_count":1},{"cell_type":"markdown","source":"# (2) preparing iris dataset","metadata":{}},{"cell_type":"code","source":"iris = datasets.load_iris()\n\n# get training and testing indexes randomly\ntrain_indx = np.random.choice(range(0, 150), int(iris.target.shape[0]/100*60), replace=False)\ntest_indx = np.array([indx for indx in np.arange(0, 150, 1) if indx not in train_indx])\n\nx_train = iris.data[train_indx, :]\ny_train = iris.target[train_indx]\n\nx_test = iris.data[test_indx, :]\ny_test = iris.target[test_indx]\n\nprint(x_train.shape)\nprint(y_train.shape)\nprint(x_test.shape)\nprint(y_test.shape)","metadata":{},"outputs":[{"name":"stdout","output_type":"stream","text":["(90, 4)\n","(90,)\n","(60, 4)\n","(60,)\n"]}],"execution_count":2},{"cell_type":"markdown","source":"# (3) parameters estimation","metadata":{}},{"cell_type":"code","source":"mu_0 = np.mean(x_train[y_train == 0], axis=0)\nsigma_0 = np.cov(x_train[y_train == 0], rowvar=0)\nprint(mu_0)\nprint(sigma_0)\n\nmu_1 = np.mean(x_train[y_train == 1], axis=0)\nsigma_1 = np.cov(x_train[y_train == 1], rowvar=0)\nprint(mu_1)\nprint(sigma_1)\n\nmu_2 = np.mean(x_train[y_train == 2], axis=0)\nsigma_2 = np.cov(x_train[y_train == 2], rowvar=0)\nprint(mu_2)\nprint(sigma_2)","metadata":{},"outputs":[{"name":"stdout","output_type":"stream","text":["[4.99677419 3.41290323 1.46451613 0.25483871]\n","[[0.09232258 0.08304301 0.01321505 0.00584946]\n"," [0.08304301 0.14982796 0.01413978 0.00760215]\n"," [0.01321505 0.01413978 0.02303226 0.00667742]\n"," [0.00584946 0.00760215 0.00667742 0.01322581]]\n","[5.91212121 2.71212121 4.21818182 1.3030303 ]\n","[[0.25484848 0.07578598 0.18758523 0.05402462]\n"," [0.07578598 0.09922348 0.08039773 0.03996212]\n"," [0.18758523 0.08039773 0.23653409 0.07525568]\n"," [0.05402462 0.03996212 0.07525568 0.04217803]]\n","[6.63076923 2.95384615 5.64230769 2.08076923]\n","[[0.48861538 0.09827692 0.38064615 0.03901538]\n"," [0.09827692 0.10658462 0.07963077 0.04987692]\n"," [0.38064615 0.07963077 0.36493846 0.04324615]\n"," [0.03901538 0.04987692 0.04324615 0.06321538]]\n"]}],"execution_count":3},{"cell_type":"markdown","source":"# (4) bayesian decision making","metadata":{}},{"cell_type":"code","source":"gnb = GaussianNB()\n\ny_pred = gnb.fit(x_train, y_train).predict(x_test)\nprint('Testing classification accuracy: %.4f' % ((y_test == y_pred).sum()/x_test.shape[0]))","metadata":{},"outputs":[{"name":"stdout","output_type":"stream","text":["Testing classification accuracy: 0.9500\n"]}],"execution_count":4},{"cell_type":"code","source":"","metadata":{},"outputs":[],"execution_count":null}]}