{"metadata":{"kernelspec":{"name":"python3","display_name":"Python 3","language":"python"},"language_info":{"name":"python","version":"3.10.12","mimetype":"text/x-python","codemirror_mode":{"name":"ipython","version":3},"pygments_lexer":"ipython3","nbconvert_exporter":"python","file_extension":".py"},"anaconda-cloud":{},"kaggle":{"accelerator":"none","dataSources":[],"dockerImageVersionId":30918,"isInternetEnabled":true,"language":"python","sourceType":"notebook","isGpuEnabled":false}},"nbformat_minor":4,"nbformat":4,"cells":[{"cell_type":"markdown","source":"# (1) import libraries","metadata":{}},{"cell_type":"code","source":"from sklearn import datasets\nfrom sklearn.naive_bayes import GaussianNB\n\nimport numpy as np\nimport time","metadata":{"trusted":true,"execution":{"iopub.status.busy":"2025-03-25T12:37:01.329575Z","iopub.execute_input":"2025-03-25T12:37:01.329954Z","iopub.status.idle":"2025-03-25T12:37:03.092495Z","shell.execute_reply.started":"2025-03-25T12:37:01.329915Z","shell.execute_reply":"2025-03-25T12:37:03.091262Z"}},"outputs":[],"execution_count":1},{"cell_type":"markdown","source":"# (2) preparing iris dataset","metadata":{}},{"cell_type":"code","source":"iris = datasets.load_iris()\n\n# get training and testing indexes randomly\ntrain_indx = np.random.choice(range(0, 150), int(iris.target.shape[0]/100*60), replace=False)\ntest_indx = np.array([indx for indx in np.arange(0, 150, 1) if indx not in train_indx])\n\nx_train = iris.data[train_indx, :]\ny_train = iris.target[train_indx]\n\nx_test = iris.data[test_indx, :]\ny_test = iris.target[test_indx]\n\nprint(x_train.shape)\nprint(y_train.shape)\nprint(x_test.shape)\nprint(y_test.shape)","metadata":{"trusted":true,"execution":{"iopub.status.busy":"2025-03-25T12:37:03.093633Z","iopub.execute_input":"2025-03-25T12:37:03.094188Z","iopub.status.idle":"2025-03-25T12:37:03.122160Z","shell.execute_reply.started":"2025-03-25T12:37:03.094145Z","shell.execute_reply":"2025-03-25T12:37:03.120911Z"}},"outputs":[{"name":"stdout","text":"(90, 4)\n(90,)\n(60, 4)\n(60,)\n","output_type":"stream"}],"execution_count":2},{"cell_type":"markdown","source":"# (3) parameters estimation","metadata":{}},{"cell_type":"code","source":"mu_0 = np.mean(x_train[y_train == 0], axis=0)\nsigma_0 = np.cov(x_train[y_train == 0], rowvar=0)\nprint(mu_0)\nprint(sigma_0)\n\nmu_1 = np.mean(x_train[y_train == 1], axis=0)\nsigma_1 = np.cov(x_train[y_train == 1], rowvar=0)\nprint(mu_1)\nprint(sigma_1)\n\nmu_2 = np.mean(x_train[y_train == 2], axis=0)\nsigma_2 = np.cov(x_train[y_train == 2], rowvar=0)\nprint(mu_2)\nprint(sigma_2)","metadata":{"trusted":true,"execution":{"iopub.status.busy":"2025-03-25T12:37:03.123338Z","iopub.execute_input":"2025-03-25T12:37:03.123737Z","iopub.status.idle":"2025-03-25T12:37:03.145946Z","shell.execute_reply.started":"2025-03-25T12:37:03.123700Z","shell.execute_reply":"2025-03-25T12:37:03.144837Z"}},"outputs":[{"name":"stdout","text":"[4.99259259 3.42592593 1.44814815 0.22592593]\n[[ 0.11301994  0.09250712  0.00037037  0.01096866]\n [ 0.09250712  0.11737892 -0.00245014  0.00968661]\n [ 0.00037037 -0.00245014  0.01490028  0.00062678]\n [ 0.01096866  0.00968661  0.00062678  0.00660969]]\n[5.9        2.74857143 4.23428571 1.32285714]\n[[0.25823529 0.08264706 0.16323529 0.05029412]\n [0.08264706 0.09315966 0.0829916  0.04268067]\n [0.16323529 0.0829916  0.22173109 0.07801681]\n [0.05029412 0.04268067 0.07801681 0.04063866]]\n[6.66785714 2.95       5.58571429 2.01785714]\n[[0.52003968 0.09092593 0.38582011 0.0635582 ]\n [0.09092593 0.10333333 0.04333333 0.04018519]\n [0.38582011 0.04333333 0.35460317 0.04804233]\n [0.0635582  0.04018519 0.04804233 0.06596561]]\n","output_type":"stream"}],"execution_count":3},{"cell_type":"markdown","source":"# (4) bayesian decision making","metadata":{}},{"cell_type":"code","source":"gnb = GaussianNB()\n\ny_pred = gnb.fit(x_train, y_train).predict(x_test)\nprint('Testing classification accuracy: %.4f' % ((y_test == y_pred).sum()/x_test.shape[0]))","metadata":{"trusted":true,"execution":{"iopub.status.busy":"2025-03-25T12:37:03.147760Z","iopub.execute_input":"2025-03-25T12:37:03.148157Z","iopub.status.idle":"2025-03-25T12:37:03.161965Z","shell.execute_reply.started":"2025-03-25T12:37:03.148120Z","shell.execute_reply":"2025-03-25T12:37:03.160863Z"}},"outputs":[{"name":"stdout","text":"Testing classification accuracy: 0.9500\n","output_type":"stream"}],"execution_count":4},{"cell_type":"code","source":"","metadata":{"trusted":true},"outputs":[],"execution_count":null}]}